1.00000e+00 9.36343e-01 8.38994e-01 5.63139e-01 1.32619e-01
2.00000e+00 8.95164e-01 7.27171e-01 3.45081e-01 3.43216e-02
3.00000e+00 8.56540e-01 6.32163e-01 2.15471e-01 1.72049e-02
4.00000e+00 8.19094e-01 5.48881e-01 1.36407e-01 1.45706e-02
5.00000e+00 7.84079e-01 4.78479e-01 9.01860e-02 1.30904e-02
6.00000e+00 7.50196e-01 4.16436e-01 6.07627e-02 1.37591e-02
7.00000e+00 7.18490e-01 3.63542e-01 4.38050e-02 1.42918e-02
9.00000e+00 6.88132e-01 3.18644e-01 3.31701e-02 1.39169e-02
1.00000e+01 6.30798e-01 2.44887e-01 2.40885e-02 1.45884e-02
1.20000e+01 6.04369e-01 2.14883e-01 1.96556e-02 1.37002e-02
1.50000e+01 5.55392e-01 1.66576e-01 1.74468e-02 1.52820e-02
1.80000e+01 4.86754e-01 1.12671e-01 1.70248e-02 1.42552e-02
2.10000e+01 4.27932e-01 8.14446e-02 1.47655e-02 1.26743e-02
2.40000e+01 3.76992e-01 6.02897e-02 1.49206e-02 1.41263e-02
2.90000e+01 3.31380e-01 4.32096e-02 1.67755e-02 1.37902e-02
3.40000e+01 2.71063e-01 3.19503e-02 1.46548e-02 1.34783e-02
4.00000e+01 2.20670e-01 2.65531e-02 1.48132e-02 1.38956e-02
4.70000e+01 1.74487e-01 1.96841e-02 1.46890e-02 1.22392e-02
5.50000e+01 1.34580e-01 1.97127e-02 1.57644e-02 1.29482e-02
6.40000e+01 1.00687e-01 1.76306e-02 1.53526e-02 1.42245e-02
7.50000e+01 7.58573e-02 1.79953e-02 1.40006e-02 1.31845e-02
8.80000e+01 5.53803e-02 1.60718e-02 1.46805e-02 1.39344e-02
1.03000e+02 4.23868e-02 1.74087e-02 1.30594e-02 1.39052e-02
1.21000e+02 3.20700e-02 1.67652e-02 1.36804e-02 1.25601e-02
1.42000e+02 2.30186e-02 1.64034e-02 1.41507e-02 1.33402e-02
1.66000e+02 2.18783e-02 1.46902e-02 1.40659e-02 1.28448e-02
1.94000e+02 2.04033e-02 1.57973e-02 1.44480e-02 1.33496e-02
2.26000e+02 1.73201e-02 1.49545e-02 1.42646e-02 1.36618e-02
2.65000e+02 1.87323e-02 1.54240e-02 1.44641e-02 1.31816e-02
3.09000e+02 1.88091e-02 1.47976e-02 1.51822e-02 1.34553e-02
3.62000e+02 1.79467e-02 1.57805e-02 1.44891e-02 1.38028e-02
4.22000e+02 1.78176e-02 1.41821e-02 1.41509e-02 1.26711e-02
4.94000e+02 1.70059e-02 1.58816e-02 1.42743e-02 1.37689e-02
5.77000e+02 1.49730e-02 1.42716e-02 1.47495e-02 1.30335e-02
6.74000e+02 1.60007e-02 1.44416e-02 1.44209e-02 1.32991e-02
7.87000e+02 1.51156e-02 1.56038e-02 1.54276e-02 1.35523e-02
9.19000e+02 1.61732e-02 1.47569e-02 1.41835e-02 1.36456e-02
1.07400e+03 1.57547e-02 1.53442e-02 1.54520e-02 1.34996e-02
1.25400e+03 1.67279e-02 1.60691e-02 1.45991e-02 1.36605e-02
