1.00000e+00 9.72267e-01 9.46338e-01 8.59144e-01 6.08848e-01
2.00000e+00 9.68652e-01 9.35595e-01 8.29748e-01 5.55693e-01
3.00000e+00 9.65892e-01 9.27731e-01 8.10642e-01 5.24845e-01
4.00000e+00 9.64036e-01 9.22763e-01 8.00874e-01 5.14730e-01
5.00000e+00 9.62035e-01 9.17436e-01 7.90002e-01 4.99154e-01
6.00000e+00 9.60538e-01 9.13660e-01 7.82871e-01 4.88134e-01
7.00000e+00 9.59210e-01 9.10430e-01 7.77351e-01 4.80864e-01
9.00000e+00 9.58211e-01 9.08257e-01 7.75087e-01 4.81185e-01
1.00000e+01 9.56047e-01 9.03208e-01 7.67659e-01 4.72399e-01
1.20000e+01 9.55339e-01 9.01597e-01 7.65685e-01 4.69403e-01
1.50000e+01 9.53268e-01 8.96956e-01 7.56809e-01 4.53553e-01
1.80000e+01 9.51312e-01 8.93101e-01 7.52497e-01 4.46816e-01
2.10000e+01 9.49286e-01 8.88957e-01 7.46812e-01 4.40308e-01
2.40000e+01 9.47719e-01 8.86447e-01 7.45389e-01 4.39764e-01
2.90000e+01 9.45342e-01 8.81100e-01 7.34437e-01 4.20665e-01
3.40000e+01 9.43058e-01 8.77066e-01 7.28824e-01 4.10196e-01
4.00000e+01 9.41081e-01 8.74610e-01 7.29721e-01 4.16220e-01
4.70000e+01 9.39251e-01 8.71887e-01 7.25471e-01 4.03997e-01
5.50000e+01 9.36370e-01 8.67681e-01 7.19481e-01 3.92824e-01
6.40000e+01 9.34253e-01 8.64883e-01 7.16533e-01 3.89470e-01
7.50000e+01 9.34108e-01 8.68019e-01 7.29817e-01 4.18080e-01
8.80000e+01 9.32670e-01 8.66700e-01 7.28710e-01 4.15168e-01
1.03000e+02 9.29112e-01 8.59998e-01 7.13059e-01 3.85437e-01
1.21000e+02 9.27095e-01 8.56432e-01 7.07256e-01 3.79156e-01
1.42000e+02 9.25516e-01 8.56410e-01 7.11171e-01 3.84536e-01
1.66000e+02 9.23382e-01 8.53722e-01 7.08493e-01 3.82712e-01
1.94000e+02 9.21815e-01 8.52408e-01 7.05647e-01 3.75685e-01
2.26000e+02 9.21129e-01 8.52907e-01 7.09087e-01 3.90178e-01
2.65000e+02 9.19776e-01 8.51470e-01 7.08347e-01 3.83739e-01
3.09000e+02 9.18481e-01 8.51005e-01 7.07764e-01 3.82634e-01
3.62000e+02 9.17804e-01 8.51680e-01 7.09214e-01 3.87949e-01
4.22000e+02 9.12308e-01 8.37520e-01 6.70741e-01 3.16459e-01
4.94000e+02 9.11423e-01 8.38143e-01 6.71894e-01 3.15769e-01
5.77000e+02 9.13174e-01 8.43793e-01 6.92818e-01 3.62566e-01
6.74000e+02 9.09732e-01 8.37659e-01 6.73497e-01 3.18470e-01
7.87000e+02 9.12185e-01 8.44275e-01 6.92045e-01 3.55542e-01
9.19000e+02 9.10123e-01 8.42248e-01 6.90837e-01 3.53536e-01
1.07400e+03 9.11316e-01 8.46427e-01 7.02897e-01 3.74748e-01
