1.00000e+00 9.62127e-01 9.15683e-01 7.70954e-01 4.44088e-01
2.00000e+00 9.49126e-01 8.78754e-01 6.84859e-01 3.49230e-01
3.00000e+00 9.37838e-01 8.48760e-01 6.27889e-01 3.03977e-01
4.00000e+00 9.27962e-01 8.23921e-01 5.88575e-01 2.77378e-01
5.00000e+00 9.17976e-01 8.00295e-01 5.55349e-01 2.51604e-01
6.00000e+00 9.09416e-01 7.81145e-01 5.32748e-01 2.38249e-01
7.00000e+00 9.00942e-01 7.63124e-01 5.12130e-01 2.19315e-01
9.00000e+00 8.93206e-01 7.47599e-01 4.96758e-01 2.07010e-01
1.00000e+01 8.78093e-01 7.19718e-01 4.74354e-01 1.99976e-01
1.20000e+01 8.71517e-01 7.08216e-01 4.65376e-01 1.88432e-01
1.50000e+01 8.57585e-01 6.84910e-01 4.45561e-01 1.74275e-01
1.80000e+01 8.39047e-01 6.55222e-01 4.15737e-01 1.49189e-01
2.10000e+01 8.23264e-01 6.33122e-01 3.97650e-01 1.32376e-01
2.40000e+01 8.09601e-01 6.16906e-01 3.87123e-01 1.25748e-01
2.90000e+01 7.96083e-01 6.01320e-01 3.73208e-01 1.18514e-01
3.40000e+01 7.76298e-01 5.81070e-01 3.57245e-01 1.13682e-01
4.00000e+01 7.58581e-01 5.64275e-01 3.42896e-01 1.05635e-01
4.70000e+01 7.40881e-01 5.49372e-01 3.32039e-01 9.70698e-02
5.50000e+01 7.19217e-01 5.26759e-01 3.04728e-01 7.67490e-02
6.40000e+01 6.98396e-01 5.09889e-01 2.82514e-01 6.96115e-02
7.50000e+01 6.80576e-01 4.97294e-01 2.76222e-01 6.90050e-02
8.80000e+01 6.62554e-01 4.81489e-01 2.60520e-01 6.79678e-02
1.03000e+02 6.40941e-01 4.59410e-01 2.32858e-01 5.76138e-02
1.21000e+02 6.20058e-01 4.39254e-01 2.13699e-01 5.26893e-02
1.42000e+02 6.08642e-01 4.38531e-01 2.17607e-01 5.20342e-02
1.66000e+02 5.93353e-01 4.25863e-01 2.04718e-01 5.14747e-02
1.94000e+02 5.74764e-01 4.03344e-01 1.80198e-01 4.70226e-02
2.26000e+02 5.55435e-01 3.82133e-01 1.63752e-01 4.22631e-02
2.65000e+02 5.41067e-01 3.63691e-01 1.44881e-01 3.32023e-02
3.09000e+02 5.29450e-01 3.55807e-01 1.49802e-01 3.32263e-02
3.62000e+02 5.08611e-01 3.29967e-01 1.36881e-01 4.95747e-02
4.22000e+02 4.98083e-01 3.21992e-01 1.38388e-01 4.43358e-02
4.94000e+02 4.78888e-01 2.96833e-01 1.25931e-01 3.82954e-02
5.77000e+02 4.74975e-01 2.95369e-01 1.25107e-01 4.51724e-02
6.74000e+02 4.61848e-01 2.85516e-01 1.15081e-01 3.65177e-02
7.87000e+02 4.41587e-01 2.60413e-01 9.55861e-02 4.62566e-02
9.19000e+02 4.29819e-01 2.53923e-01 9.72392e-02 4.25931e-02
1.07400e+03 3.98382e-01 2.17088e-01 9.09573e-02 3.70557e-02
