1.00000e+00 9.77490e-01 9.62464e-01 9.09168e-01 7.29867e-01
2.00000e+00 9.76848e-01 9.60442e-01 9.02440e-01 7.09669e-01
3.00000e+00 9.76567e-01 9.59557e-01 8.99497e-01 7.00836e-01
4.00000e+00 9.76343e-01 9.58853e-01 8.97171e-01 6.94051e-01
5.00000e+00 9.76200e-01 9.58404e-01 8.95735e-01 6.90394e-01
6.00000e+00 9.75907e-01 9.57482e-01 8.92681e-01 6.81369e-01
7.00000e+00 9.75763e-01 9.57032e-01 8.91229e-01 6.77540e-01
9.00000e+00 9.75724e-01 9.56909e-01 8.90794e-01 6.75925e-01
1.00000e+01 9.75363e-01 9.55779e-01 8.87120e-01 6.65967e-01
1.20000e+01 9.75217e-01 9.55322e-01 8.85659e-01 6.62169e-01
1.50000e+01 9.74925e-01 9.54412e-01 8.82731e-01 6.54420e-01
1.80000e+01 9.74691e-01 9.53671e-01 8.80245e-01 6.46819e-01
2.10000e+01 9.74197e-01 9.52131e-01 8.75318e-01 6.34076e-01
2.40000e+01 9.73877e-01 9.51124e-01 8.71983e-01 6.24363e-01
2.90000e+01 9.74053e-01 9.51675e-01 8.73747e-01 6.28842e-01
3.40000e+01 9.73804e-01 9.50897e-01 8.71286e-01 6.22896e-01
4.00000e+01 9.73808e-01 9.50915e-01 8.71373e-01 6.23450e-01
4.70000e+01 9.73332e-01 9.49422e-01 8.66489e-01 6.09687e-01
5.50000e+01 9.72657e-01 9.47322e-01 8.59837e-01 5.93178e-01
6.40000e+01 9.72694e-01 9.47448e-01 8.60374e-01 5.95937e-01
7.50000e+01 9.73091e-01 9.48663e-01 8.63997e-01 6.02658e-01
8.80000e+01 9.72094e-01 9.45577e-01 8.54380e-01 5.80419e-01
1.03000e+02 9.71213e-01 9.42834e-01 8.45664e-01 5.58596e-01
1.21000e+02 9.72567e-01 9.47040e-01 8.58897e-01 5.90484e-01
1.42000e+02 9.71886e-01 9.44919e-01 8.52183e-01 5.73771e-01
1.66000e+02 9.71762e-01 9.44512e-01 8.50643e-01 5.67632e-01
1.94000e+02 9.70248e-01 9.39818e-01 8.35902e-01 5.32221e-01
2.26000e+02 9.70613e-01 9.40979e-01 8.39876e-01 5.45152e-01
2.65000e+02 9.70482e-01 9.40596e-01 8.38923e-01 5.44585e-01
3.09000e+02 9.69403e-01 9.37242e-01 8.28311e-01 5.18763e-01
3.62000e+02 9.71454e-01 9.43570e-01 8.47836e-01 5.62402e-01
4.22000e+02 9.69412e-01 9.37225e-01 8.27800e-01 5.13491e-01
4.94000e+02 9.70214e-01 9.39727e-01 8.35811e-01 5.33890e-01
5.77000e+02 9.70740e-01 9.41369e-01 8.41064e-01 5.47463e-01
6.74000e+02 9.69573e-01 9.37734e-01 8.29465e-01 5.17661e-01
7.87000e+02 9.70841e-01 9.41682e-01 8.42029e-01 5.49860e-01
9.19000e+02 9.71081e-01 9.42451e-01 8.44759e-01 5.59241e-01
1.07400e+03 9.71878e-01 9.44897e-01 8.52140e-01 5.73883e-01
1.25400e+03 9.69945e-01 9.38868e-01 8.32819e-01 5.24087e-01
1.46500e+03 9.69331e-01 9.36989e-01 8.27201e-01 5.13425e-01
1.71100e+03 9.70098e-01 9.39359e-01 8.34562e-01 5.30050e-01
