1.00000e+00 9.20606e-01
2.00000e+00 7.28031e-01
3.00000e+00 6.35127e-01
4.00000e+00 5.81264e-01
5.00000e+00 5.28870e-01
6.00000e+00 5.01647e-01
7.00000e+00 4.63481e-01
9.00000e+00 4.38489e-01
1.00000e+01 4.22908e-01
1.20000e+01 3.99851e-01
1.50000e+01 3.70897e-01
1.80000e+01 3.19310e-01
2.10000e+01 2.85370e-01
2.40000e+01 2.71630e-01
2.90000e+01 2.56279e-01
3.40000e+01 2.44067e-01
4.00000e+01 2.27261e-01
4.70000e+01 2.09582e-01
5.50000e+01 1.67481e-01
6.40000e+01 1.51050e-01
7.50000e+01 1.50120e-01
8.80000e+01 1.47254e-01
1.03000e+02 1.23226e-01
1.21000e+02 1.13286e-01
1.42000e+02 1.11646e-01
1.66000e+02 1.09600e-01
1.94000e+02 9.97007e-02
2.26000e+02 8.79626e-02
2.65000e+02 6.91116e-02
3.09000e+02 7.05510e-02
3.62000e+02 1.02905e-01
4.22000e+02 9.36729e-02
