1.00000e+00 2.95517e-01
2.00000e+00 7.82101e-02
3.00000e+00 3.64091e-02
4.00000e+00 2.98404e-02
5.00000e+00 2.60125e-02
6.00000e+00 2.71628e-02
7.00000e+00 2.84869e-02
9.00000e+00 2.77409e-02
1.00000e+01 2.92114e-02
1.20000e+01 2.78830e-02
1.50000e+01 3.02651e-02
1.80000e+01 2.85772e-02
2.10000e+01 2.54351e-02
2.40000e+01 2.81401e-02
2.90000e+01 2.84638e-02
3.40000e+01 2.77538e-02
4.00000e+01 2.75613e-02
4.70000e+01 2.34896e-02
5.50000e+01 2.62764e-02
6.40000e+01 2.74936e-02
7.50000e+01 2.68408e-02
8.80000e+01 2.76356e-02
1.03000e+02 2.83674e-02
1.21000e+02 2.51064e-02
1.42000e+02 2.64784e-02
1.66000e+02 2.61511e-02
1.94000e+02 2.58607e-02
2.26000e+02 2.70364e-02
2.65000e+02 2.73580e-02
3.09000e+02 2.72920e-02
3.62000e+02 2.83525e-02
4.22000e+02 2.70269e-02
4.94000e+02 2.74988e-02
5.77000e+02 2.68219e-02
6.74000e+02 2.63159e-02
7.87000e+02 2.67250e-02
9.19000e+02 2.61964e-02
1.07400e+03 2.79407e-02
1.25400e+03 2.66131e-02
