1.00000e+00 1.10376e+00
2.00000e+00 9.76194e-01
3.00000e+00 8.94099e-01
4.00000e+00 8.41217e-01
5.00000e+00 8.03416e-01
6.00000e+00 7.68903e-01
7.00000e+00 7.56159e-01
9.00000e+00 7.35619e-01
1.00000e+01 7.01457e-01
1.20000e+01 6.74897e-01
1.50000e+01 6.54443e-01
1.80000e+01 6.27739e-01
2.10000e+01 6.17045e-01
2.40000e+01 5.96357e-01
2.90000e+01 5.84125e-01
3.40000e+01 5.51140e-01
4.00000e+01 5.51822e-01
4.70000e+01 5.26458e-01
5.50000e+01 4.94250e-01
6.40000e+01 4.90554e-01
7.50000e+01 5.12783e-01
8.80000e+01 4.63260e-01
1.03000e+02 4.38552e-01
1.21000e+02 4.36699e-01
1.42000e+02 4.17154e-01
1.66000e+02 4.31721e-01
1.94000e+02 4.12531e-01
2.26000e+02 3.87783e-01
2.65000e+02 4.17568e-01
3.09000e+02 3.67284e-01
