1.00000e+00 6.22653e-01
2.00000e+00 3.90876e-01
3.00000e+00 2.92275e-01
4.00000e+00 2.32600e-01
5.00000e+00 1.99771e-01
6.00000e+00 1.69561e-01
7.00000e+00 1.55422e-01
9.00000e+00 1.40405e-01
1.00000e+01 1.17599e-01
1.20000e+01 1.09830e-01
1.50000e+01 9.07306e-02
1.80000e+01 6.97892e-02
2.10000e+01 6.34640e-02
2.40000e+01 5.74600e-02
2.90000e+01 5.40330e-02
3.40000e+01 5.06851e-02
4.00000e+01 4.64901e-02
4.70000e+01 4.79589e-02
5.50000e+01 4.26207e-02
6.40000e+01 4.39508e-02
7.50000e+01 4.49181e-02
8.80000e+01 4.57129e-02
1.03000e+02 4.20656e-02
1.21000e+02 4.24661e-02
1.42000e+02 4.16480e-02
1.66000e+02 4.36262e-02
1.94000e+02 4.78116e-02
2.26000e+02 4.24073e-02
2.65000e+02 4.53203e-02
3.09000e+02 4.59018e-02
3.62000e+02 4.15908e-02
4.22000e+02 4.48641e-02
4.94000e+02 4.46713e-02
