1.00000e+00 1.47969e+00
2.00000e+00 1.44120e+00
3.00000e+00 1.42438e+00
4.00000e+00 1.41143e+00
5.00000e+00 1.40436e+00
6.00000e+00 1.38712e+00
7.00000e+00 1.37973e+00
9.00000e+00 1.37673e+00
1.00000e+01 1.35754e+00
1.20000e+01 1.35022e+00
1.50000e+01 1.33533e+00
1.80000e+01 1.32081e+00
2.10000e+01 1.29622e+00
2.40000e+01 1.27765e+00
2.90000e+01 1.28644e+00
3.40000e+01 1.27481e+00
4.00000e+01 1.27579e+00
4.70000e+01 1.24948e+00
5.50000e+01 1.21760e+00
6.40000e+01 1.22270e+00
7.50000e+01 1.23593e+00
8.80000e+01 1.19282e+00
1.03000e+02 1.15031e+00
1.21000e+02 1.21237e+00
1.42000e+02 1.17998e+00
1.66000e+02 1.16829e+00
1.94000e+02 1.09996e+00
2.26000e+02 1.12446e+00
2.65000e+02 1.12350e+00
3.09000e+02 1.07317e+00
3.62000e+02 1.15811e+00
4.22000e+02 1.06296e+00
4.94000e+02 1.10244e+00
5.77000e+02 1.12895e+00
6.74000e+02 1.07139e+00
7.87000e+02 1.13359e+00
9.19000e+02 1.15134e+00
1.07400e+03 1.18030e+00
1.25400e+03 1.08402e+00
1.46500e+03 1.06317e+00
