1.00000e+00 1.24557e+00
2.00000e+00 1.14108e+00
3.00000e+00 1.08056e+00
4.00000e+00 1.06045e+00
5.00000e+00 1.02972e+00
6.00000e+00 1.00807e+00
7.00000e+00 9.93809e-01
9.00000e+00 9.94278e-01
1.00000e+01 9.76816e-01
1.20000e+01 9.71151e-01
1.50000e+01 9.40126e-01
1.80000e+01 9.26737e-01
2.10000e+01 9.13953e-01
2.40000e+01 9.12513e-01
2.90000e+01 8.75073e-01
3.40000e+01 8.54616e-01
4.00000e+01 8.65896e-01
4.70000e+01 8.42446e-01
5.50000e+01 8.20624e-01
6.40000e+01 8.13744e-01
7.50000e+01 8.69876e-01
8.80000e+01 8.64247e-01
1.03000e+02 8.05576e-01
1.21000e+02 7.92497e-01
1.42000e+02 8.04064e-01
1.66000e+02 8.00222e-01
1.94000e+02 7.86226e-01
2.26000e+02 8.13375e-01
2.65000e+02 8.01916e-01
3.09000e+02 7.99743e-01
3.62000e+02 8.10186e-01
4.22000e+02 6.68272e-01
4.94000e+02 6.67426e-01
