1.00000e+00 9.78421e-01 9.68115e-01 9.33737e-01 8.22389e-01
2.00000e+00 9.76014e-01 9.61699e-01 9.15243e-01 7.76611e-01
3.00000e+00 9.73759e-01 9.55765e-01 8.98846e-01 7.40901e-01
4.00000e+00 9.71910e-01 9.50974e-01 8.86251e-01 7.16557e-01
5.00000e+00 9.70157e-01 9.46512e-01 8.75155e-01 6.98089e-01
6.00000e+00 9.68430e-01 9.42139e-01 8.64437e-01 6.80411e-01
7.00000e+00 9.67034e-01 9.38709e-01 8.56838e-01 6.71411e-01
9.00000e+00 9.65568e-01 9.35126e-01 8.49016e-01 6.61973e-01
1.00000e+01 9.62914e-01 9.28732e-01 8.35609e-01 6.45217e-01
1.20000e+01 9.61604e-01 9.25600e-01 8.29084e-01 6.36070e-01
1.50000e+01 9.59574e-01 9.20836e-01 8.19801e-01 6.25836e-01
1.80000e+01 9.56605e-01 9.14067e-01 8.07506e-01 6.12824e-01
2.10000e+01 9.53813e-01 9.08019e-01 7.98258e-01 6.06160e-01
2.40000e+01 9.51039e-01 9.02112e-01 7.89242e-01 5.97070e-01
2.90000e+01 9.48579e-01 8.96922e-01 7.81665e-01 5.90128e-01
3.40000e+01 9.44714e-01 8.89071e-01 7.71013e-01 5.79264e-01
4.00000e+01 9.41352e-01 8.82738e-01 7.64349e-01 5.76802e-01
4.70000e+01 9.37504e-01 8.75728e-01 7.56400e-01 5.67360e-01
5.50000e+01 9.32909e-01 8.67225e-01 7.45297e-01 5.52146e-01
6.40000e+01 9.28881e-01 8.60300e-01 7.37981e-01 5.45173e-01
7.50000e+01 9.25071e-01 8.54781e-01 7.35809e-01 5.49766e-01
8.80000e+01 9.19580e-01 8.46406e-01 7.28159e-01 5.36875e-01
1.03000e+02 9.14660e-01 8.38707e-01 7.20593e-01 5.29255e-01
1.21000e+02 9.09870e-01 8.32284e-01 7.16462e-01 5.24809e-01
1.42000e+02 9.03758e-01 8.24069e-01 7.08940e-01 5.17564e-01
1.66000e+02 8.99071e-01 8.19843e-01 7.08659e-01 5.18956e-01
1.94000e+02 8.93769e-01 8.14068e-01 7.04408e-01 5.11608e-01
2.26000e+02 8.86040e-01 8.04478e-01 6.95074e-01 4.94966e-01
2.65000e+02 8.80730e-01 8.01317e-01 6.98088e-01 5.06841e-01
3.09000e+02 8.73992e-01 7.94714e-01 6.91526e-01 4.90174e-01
3.62000e+02 8.67246e-01 7.87703e-01 6.81922e-01 4.72400e-01
4.22000e+02 8.61196e-01 7.83330e-01 6.80129e-01 4.75552e-01
4.94000e+02 8.56439e-01 7.81909e-01 6.81716e-01 4.78895e-01
5.77000e+02 8.51711e-01 7.81588e-01 6.86864e-01 4.97200e-01
6.74000e+02 8.43898e-01 7.73000e-01 6.72656e-01 4.69033e-01
7.87000e+02 8.38852e-01 7.70854e-01 6.70478e-01 4.62771e-01
9.19000e+02 8.34978e-01 7.70353e-01 6.75357e-01 4.76054e-01
