1.00000e+00 9.72082e-01 9.51015e-01 8.82455e-01 6.79083e-01
2.00000e+00 9.62806e-01 9.26550e-01 8.14516e-01 5.33772e-01
3.00000e+00 9.53851e-01 9.03490e-01 7.55448e-01 4.36889e-01
4.00000e+00 9.45324e-01 8.82005e-01 7.04276e-01 3.69177e-01
5.00000e+00 9.36820e-01 8.61071e-01 6.58014e-01 3.20575e-01
6.00000e+00 9.28688e-01 8.41456e-01 6.17466e-01 2.83298e-01
7.00000e+00 9.20946e-01 8.23214e-01 5.82541e-01 2.57484e-01
9.00000e+00 9.13187e-01 8.05287e-01 5.50370e-01 2.36082e-01
1.00000e+01 8.98249e-01 7.72017e-01 4.97077e-01 2.07999e-01
1.20000e+01 8.91045e-01 7.56358e-01 4.73854e-01 1.95131e-01
1.50000e+01 8.76492e-01 7.25539e-01 4.31152e-01 1.74862e-01
1.80000e+01 8.56223e-01 6.85229e-01 3.84560e-01 1.50285e-01
2.10000e+01 8.36449e-01 6.47856e-01 3.46067e-01 1.31908e-01
2.40000e+01 8.18863e-01 6.16726e-01 3.18488e-01 1.20494e-01
2.90000e+01 8.00847e-01 5.86598e-01 2.94876e-01 1.08994e-01
3.40000e+01 7.71250e-01 5.39769e-01 2.60200e-01 8.63849e-02
4.00000e+01 7.45312e-01 5.02061e-01 2.36485e-01 7.57009e-02
4.70000e+01 7.15416e-01 4.62076e-01 2.13993e-01 6.81136e-02
5.50000e+01 6.83610e-01 4.23685e-01 1.92223e-01 5.60580e-02
6.40000e+01 6.51026e-01 3.88769e-01 1.75208e-01 4.94956e-02
7.50000e+01 6.18177e-01 3.56822e-01 1.58424e-01 4.47366e-02
8.80000e+01 5.82763e-01 3.25942e-01 1.39653e-01 3.59998e-02
1.03000e+02 5.44201e-01 2.97524e-01 1.23577e-01 3.60072e-02
1.21000e+02 5.05599e-01 2.71678e-01 1.12917e-01 3.81384e-02
1.42000e+02 4.67401e-01 2.50771e-01 9.80589e-02 3.51778e-02
1.66000e+02 4.32248e-01 2.32012e-01 9.20783e-02 3.21852e-02
1.94000e+02 3.97826e-01 2.14370e-01 8.46562e-02 2.98669e-02
2.26000e+02 3.66386e-01 1.98844e-01 7.73644e-02 2.90283e-02
2.65000e+02 3.34551e-01 1.77852e-01 6.30194e-02 3.03893e-02
3.09000e+02 3.05358e-01 1.60156e-01 5.79036e-02 2.34604e-02
3.62000e+02 2.77023e-01 1.40019e-01 4.56717e-02 2.71272e-02
4.22000e+02 2.58105e-01 1.30131e-01 3.63886e-02 2.36931e-02
4.94000e+02 2.39229e-01 1.16588e-01 3.68263e-02 2.31285e-02
5.77000e+02 2.24890e-01 1.08706e-01 4.12482e-02 2.44644e-02
6.74000e+02 2.04616e-01 9.26864e-02 3.58495e-02 2.61165e-02
7.87000e+02 1.92384e-01 8.33099e-02 3.89550e-02 2.63152e-02
9.19000e+02 1.76956e-01 7.70778e-02 3.27089e-02 2.84367e-02
1.07400e+03 1.62438e-01 6.51911e-02 3.18730e-02 2.79185e-02
