1.00000e+00 9.76205e-01 9.62127e-01 9.15683e-01 7.70954e-01
2.00000e+00 9.71308e-01 9.49126e-01 8.78754e-01 6.84859e-01
3.00000e+00 9.66969e-01 9.37838e-01 8.48760e-01 6.27889e-01
4.00000e+00 9.63110e-01 9.27962e-01 8.23921e-01 5.88575e-01
5.00000e+00 9.59132e-01 9.17976e-01 8.00295e-01 5.55349e-01
6.00000e+00 9.55668e-01 9.09416e-01 7.81145e-01 5.32748e-01
7.00000e+00 9.52180e-01 9.00942e-01 7.63124e-01 5.12130e-01
9.00000e+00 9.48933e-01 8.93206e-01 7.47599e-01 4.96758e-01
1.00000e+01 9.42423e-01 8.78093e-01 7.19718e-01 4.74354e-01
1.20000e+01 9.39544e-01 8.71517e-01 7.08216e-01 4.65376e-01
1.50000e+01 9.33313e-01 8.57585e-01 6.84910e-01 4.45561e-01
1.80000e+01 9.24792e-01 8.39047e-01 6.55222e-01 4.15737e-01
2.10000e+01 9.17259e-01 8.23264e-01 6.33122e-01 3.97650e-01
2.40000e+01 9.10304e-01 8.09601e-01 6.16906e-01 3.87123e-01
2.90000e+01 9.03226e-01 7.96083e-01 6.01320e-01 3.73208e-01
3.40000e+01 8.92264e-01 7.76298e-01 5.81070e-01 3.57245e-01
4.00000e+01 8.82018e-01 7.58581e-01 5.64275e-01 3.42896e-01
4.70000e+01 8.71028e-01 7.40881e-01 5.49372e-01 3.32039e-01
5.50000e+01 8.57588e-01 7.19217e-01 5.26759e-01 3.04728e-01
6.40000e+01 8.43385e-01 6.98396e-01 5.09889e-01 2.82514e-01
7.50000e+01 8.29834e-01 6.80576e-01 4.97294e-01 2.76222e-01
8.80000e+01 8.15344e-01 6.62554e-01 4.81489e-01 2.60520e-01
1.03000e+02 7.98401e-01 6.40941e-01 4.59410e-01 2.32858e-01
1.21000e+02 7.80478e-01 6.20058e-01 4.39254e-01 2.13699e-01
1.42000e+02 7.65456e-01 6.08642e-01 4.38531e-01 2.17607e-01
1.66000e+02 7.47278e-01 5.93353e-01 4.25863e-01 2.04718e-01
1.94000e+02 7.28214e-01 5.74764e-01 4.03344e-01 1.80198e-01
2.26000e+02 7.06026e-01 5.55435e-01 3.82133e-01 1.63752e-01
2.65000e+02 6.89014e-01 5.41067e-01 3.63691e-01 1.44881e-01
3.09000e+02 6.69944e-01 5.29450e-01 3.55807e-01 1.49802e-01
3.62000e+02 6.50152e-01 5.08611e-01 3.29967e-01 1.36881e-01
4.22000e+02 6.32477e-01 4.98083e-01 3.21992e-01 1.38388e-01
4.94000e+02 6.13745e-01 4.78888e-01 2.96833e-01 1.25931e-01
5.77000e+02 6.02632e-01 4.74975e-01 2.95369e-01 1.25107e-01
6.74000e+02 5.87928e-01 4.61848e-01 2.85516e-01 1.15081e-01
7.87000e+02 5.70098e-01 4.41587e-01 2.60413e-01 9.55861e-02
9.19000e+02 5.55739e-01 4.29819e-01 2.53923e-01 9.72392e-02
1.07400e+03 5.33318e-01 3.98382e-01 2.17088e-01 9.09573e-02
