1.000000e+00 8.883444e-04 5.287093e-04
2.000000e+00 6.645304e-04 2.453831e-04
3.000000e+00 2.157487e-04 5.250871e-05
4.000000e+00 1.300100e-04 3.034715e-05
5.000000e+00 7.725829e-05 1.444343e-05
6.000000e+00 5.570887e-05 1.195763e-05
7.000000e+00 3.721748e-05 6.313385e-06
8.000000e+00 2.498565e-05 3.918830e-06
9.000000e+00 1.847720e-05 3.243849e-06
1.000000e+01 1.382138e-05 2.134715e-06
1.100000e+01 1.068312e-05 1.450337e-06
1.200000e+01 8.330362e-06 1.120048e-06
1.300000e+01 6.513703e-06 7.795888e-07
1.400000e+01 5.088539e-06 6.412253e-07
1.500000e+01 4.106535e-06 4.624580e-07
1.600000e+01 3.313349e-06 3.746217e-07
1.700000e+01 2.707353e-06 3.027084e-07
1.800000e+01 2.259901e-06 2.367096e-07
1.900000e+01 1.901159e-06 2.092287e-07
2.000000e+01 1.584677e-06 1.478499e-07
2.100000e+01 1.324405e-06 1.286012e-07
2.200000e+01 1.121027e-06 1.052180e-07
2.300000e+01 9.677607e-07 9.343250e-08
2.400000e+01 8.354799e-07 7.857103e-08
2.500000e+01 7.128338e-07 6.109722e-08
2.600000e+01 6.172076e-07 5.519371e-08
2.700000e+01 5.385776e-07 4.780991e-08
2.800000e+01 4.717892e-07 3.814022e-08
2.900000e+01 4.137514e-07 3.456315e-08
3.000000e+01 3.661322e-07 2.951815e-08
3.100000e+01 3.237106e-07 2.637794e-08
3.200000e+01 2.859904e-07 2.270348e-08
3.300000e+01 2.542252e-07 1.991321e-08
3.400000e+01 2.262946e-07 1.704919e-08
3.500000e+01 2.031360e-07 1.567390e-08
3.600000e+01 1.829411e-07 1.460612e-08
3.700000e+01 1.653619e-07 1.186235e-08
3.800000e+01 1.483959e-07 1.090566e-08
3.900000e+01 1.338349e-07 9.698640e-09
4.000000e+01 1.213334e-07 8.642474e-09
4.100000e+01 1.103895e-07 7.671402e-09
4.200000e+01 1.008258e-07 6.993412e-09
4.300000e+01 9.204469e-08 6.228795e-09
4.400000e+01 8.395701e-08 5.669604e-09
4.500000e+01 7.652685e-08 5.055270e-09
4.600000e+01 7.008605e-08 4.694249e-09
4.700000e+01 6.491205e-08 4.304674e-09
4.800000e+01 5.947974e-08 3.908265e-09
4.900000e+01 5.474935e-08 3.536266e-09
5.000000e+01 5.046106e-08 3.258412e-09
5.100000e+01 4.673225e-08 2.948336e-09
5.200000e+01 4.349283e-08 2.694634e-09
5.300000e+01 4.035372e-08 2.456184e-09
5.400000e+01 3.728196e-08 2.175020e-09
5.500000e+01 3.466430e-08 2.063080e-09
5.600000e+01 3.221208e-08 1.957885e-09
5.700000e+01 3.001082e-08 1.753332e-09
5.800000e+01 2.795689e-08 1.650678e-09
5.900000e+01 2.604803e-08 1.502412e-09
6.000000e+01 2.448061e-08 1.462538e-09
6.100000e+01 2.291005e-08 1.333399e-09
6.200000e+01 2.136333e-08 1.207797e-09
6.300000e+01 2.001026e-08 1.118745e-09
6.400000e+01 1.875133e-08 1.012472e-09
6.500000e+01 1.770418e-08 9.977486e-10
6.600000e+01 1.666081e-08 8.768240e-10
6.700000e+01 1.559980e-08 8.084441e-10
6.800000e+01 1.473156e-08 7.935851e-10
6.900000e+01 1.391076e-08 7.047937e-10
7.000000e+01 1.310981e-08 6.930189e-10
7.100000e+01 1.238794e-08 6.534550e-10
7.200000e+01 1.168768e-08 6.209105e-10
7.300000e+01 1.109076e-08 5.911223e-10
7.400000e+01 1.046116e-08 5.408935e-10
7.500000e+01 9.905596e-09 4.907637e-10
7.600000e+01 9.364856e-09 4.667986e-10
7.700000e+01 8.907976e-09 4.657235e-10
7.800000e+01 8.480970e-09 4.451087e-10
7.900000e+01 8.034866e-09 3.975645e-10
8.000000e+01 7.652581e-09 3.819290e-10
8.100000e+01 7.268667e-09 3.531007e-10
8.200000e+01 6.941723e-09 3.524361e-10
8.300000e+01 6.614942e-09 3.231051e-10
8.400000e+01 6.319754e-09 3.163613e-10
8.500000e+01 6.004620e-09 2.916117e-10
8.600000e+01 5.741348e-09 2.735445e-10
8.700000e+01 5.490351e-09 2.611542e-10
8.800000e+01 5.251916e-09 2.481180e-10
8.900000e+01 5.021839e-09 2.387061e-10
9.000000e+01 4.811478e-09 2.220038e-10
9.100000e+01 4.608140e-09 2.195344e-10
9.200000e+01 4.402923e-09 1.949519e-10
9.300000e+01 4.219118e-09 1.949443e-10
9.400000e+01 4.071022e-09 1.905228e-10
9.500000e+01 3.897256e-09 1.767388e-10
9.600000e+01 3.744712e-09 1.657634e-10
9.700000e+01 3.600250e-09 1.620451e-10
9.800000e+01 3.467292e-09 1.572687e-10
9.900000e+01 3.349974e-09 1.501107e-10
1.000000e+02 3.226687e-09 1.420819e-10
1.010000e+02 3.119194e-09 1.396072e-10
1.020000e+02 3.001363e-09 1.368205e-10
1.030000e+02 2.904134e-09 1.304720e-10
1.040000e+02 2.791532e-09 1.248933e-10
1.050000e+02 2.708214e-09 1.198134e-10
1.060000e+02 2.624745e-09 1.155247e-10
1.070000e+02 2.538630e-09 1.128498e-10
1.080000e+02 2.475717e-09 1.089257e-10
1.090000e+02 2.388547e-09 1.036077e-10
1.100000e+02 2.331184e-09 1.027827e-10
1.110000e+02 2.270584e-09 9.953909e-11
1.120000e+02 2.196442e-09 9.168651e-11
1.130000e+02 2.143974e-09 9.208155e-11
1.140000e+02 2.079203e-09 8.883562e-11
1.150000e+02 2.039751e-09 8.293701e-11
1.160000e+02 1.989030e-09 8.535710e-11
1.170000e+02 1.939373e-09 8.101386e-11
1.180000e+02 1.911682e-09 7.711134e-11
1.190000e+02 1.854256e-09 7.919432e-11
1.200000e+02 1.828436e-09 7.594503e-11
1.210000e+02 1.786570e-09 7.092227e-11
1.220000e+02 1.755640e-09 7.068591e-11
1.230000e+02 1.734802e-09 7.387983e-11
1.240000e+02 1.696707e-09 6.581611e-11
1.250000e+02 1.677117e-09 6.791887e-11
1.260000e+02 1.639341e-09 6.625857e-11
1.270000e+02 1.625839e-09 6.506324e-11
1.280000e+02 1.612461e-09 7.075165e-11
1.290000e+02 1.527243e-09 6.747180e-11
1.300000e+02 1.473698e-09 6.740898e-11
1.310000e+02 1.422071e-09 6.689993e-11
1.320000e+02 1.385529e-09 6.594792e-11
1.330000e+02 1.340287e-09 6.869421e-11
1.340000e+02 1.308822e-09 6.426573e-11
1.350000e+02 1.271416e-09 6.666019e-11
1.360000e+02 1.236939e-09 6.581615e-11
1.370000e+02 1.216103e-09 6.867608e-11
1.380000e+02 1.187697e-09 6.420605e-11
1.390000e+02 1.157719e-09 6.600713e-11
1.400000e+02 1.135467e-09 6.641949e-11
1.410000e+02 1.093771e-09 6.440669e-11
1.420000e+02 1.090884e-09 6.597324e-11
1.430000e+02 1.055045e-09 6.607374e-11
1.440000e+02 1.041921e-09 6.719560e-11
1.450000e+02 1.021724e-09 6.559800e-11
1.460000e+02 1.001684e-09 6.578354e-11
1.470000e+02 9.931180e-10 6.776660e-11
1.480000e+02 9.607474e-10 6.461600e-11
1.490000e+02 9.494617e-10 6.837628e-11
1.500000e+02 9.368826e-10 6.516881e-11
1.510000e+02 9.165453e-10 6.916243e-11
1.520000e+02 9.117601e-10 7.157734e-11
1.530000e+02 8.860943e-10 6.412629e-11
1.540000e+02 8.756694e-10 6.821673e-11
1.550000e+02 8.633377e-10 6.712331e-11
1.560000e+02 8.500870e-10 6.962260e-11
1.570000e+02 8.419790e-10 6.932785e-11
1.580000e+02 8.316746e-10 6.865457e-11
1.590000e+02 8.293778e-10 7.595330e-11
1.600000e+02 8.106779e-10 7.109900e-11
1.610000e+02 8.034954e-10 7.610322e-11
1.620000e+02 7.966547e-10 7.722166e-11
1.630000e+02 7.871499e-10 7.249072e-11
1.640000e+02 7.799559e-10 8.428483e-11
1.650000e+02 7.718520e-10 7.408811e-11
1.660000e+02 7.663890e-10 8.744861e-11
1.670000e+02 7.620030e-10 8.148966e-11
1.680000e+02 7.579212e-10 8.957484e-11
1.690000e+02 7.551241e-10 9.832529e-11
1.700000e+02 7.511604e-10 8.067272e-11
1.710000e+02 7.436154e-10 1.142537e-10
1.720000e+02 7.354086e-10 8.816362e-11
1.730000e+02 7.334915e-10 1.244235e-10
1.740000e+02 7.313038e-10 1.104987e-10
1.750000e+02 7.286045e-10 1.216074e-10
1.760000e+02 7.319806e-10 1.628613e-10
1.770000e+02 7.261326e-10 1.191853e-10
1.780000e+02 7.231840e-10 1.901014e-10
1.790000e+02 7.194649e-10 1.659865e-10
1.800000e+02 7.181577e-10 2.848369e-10
1.810000e+02 7.108756e-10 3.940574e-10
