1.000000e+00 2.730319e-05 1.621365e-05
2.000000e+00 2.625576e-05 9.928512e-06
3.000000e+00 2.574921e-05 7.162207e-06
4.000000e+00 2.415668e-05 5.773203e-06
5.000000e+00 2.151978e-05 4.423359e-06
6.000000e+00 1.984917e-05 3.808099e-06
7.000000e+00 1.737419e-05 3.181539e-06
8.000000e+00 1.465996e-05 2.319948e-06
9.000000e+00 1.229876e-05 2.007065e-06
1.000000e+01 1.033575e-05 1.522654e-06
1.100000e+01 8.484018e-06 1.129168e-06
1.200000e+01 7.075223e-06 9.603123e-07
1.300000e+01 5.800237e-06 6.778223e-07
1.400000e+01 4.732150e-06 5.968675e-07
1.500000e+01 3.864300e-06 4.211123e-07
1.600000e+01 3.181400e-06 3.604154e-07
1.700000e+01 2.664631e-06 2.909014e-07
1.800000e+01 2.240702e-06 2.388143e-07
1.900000e+01 1.907012e-06 2.105843e-07
2.000000e+01 1.586039e-06 1.491586e-07
2.100000e+01 1.328627e-06 1.294341e-07
2.200000e+01 1.129066e-06 1.057952e-07
2.300000e+01 9.730349e-07 9.556113e-08
2.400000e+01 8.425290e-07 8.243677e-08
2.500000e+01 7.203153e-07 6.210664e-08
2.600000e+01 6.191186e-07 5.450482e-08
2.700000e+01 5.432285e-07 4.824734e-08
2.800000e+01 4.742780e-07 3.953092e-08
2.900000e+01 4.157683e-07 3.432309e-08
3.000000e+01 3.695426e-07 3.021307e-08
3.100000e+01 3.245454e-07 2.715357e-08
3.200000e+01 2.877630e-07 2.327078e-08
3.300000e+01 2.559742e-07 2.000128e-08
3.400000e+01 2.280770e-07 1.819174e-08
3.500000e+01 2.043430e-07 1.555938e-08
3.600000e+01 1.839226e-07 1.381683e-08
3.700000e+01 1.661851e-07 1.178421e-08
3.800000e+01 1.491242e-07 1.070378e-08
3.900000e+01 1.345500e-07 9.746700e-09
4.000000e+01 1.225886e-07 8.878771e-09
4.100000e+01 1.111091e-07 7.690354e-09
4.200000e+01 1.006386e-07 7.124936e-09
4.300000e+01 9.186653e-08 6.177925e-09
4.400000e+01 8.409920e-08 5.642183e-09
4.500000e+01 7.665931e-08 5.097591e-09
4.600000e+01 7.018496e-08 4.659248e-09
4.700000e+01 6.459888e-08 4.363404e-09
4.800000e+01 5.971730e-08 4.015038e-09
4.900000e+01 5.486587e-08 3.505448e-09
5.000000e+01 5.064575e-08 3.300869e-09
5.100000e+01 4.669687e-08 2.846720e-09
5.200000e+01 4.315295e-08 2.645815e-09
5.300000e+01 4.027892e-08 2.476332e-09
5.400000e+01 3.718809e-08 2.233118e-09
5.500000e+01 3.465172e-08 2.125368e-09
5.600000e+01 3.231008e-08 1.923638e-09
5.700000e+01 2.993753e-08 1.753305e-09
5.800000e+01 2.800935e-08 1.605633e-09
5.900000e+01 2.607490e-08 1.530291e-09
6.000000e+01 2.435347e-08 1.441790e-09
6.100000e+01 2.281641e-08 1.324352e-09
6.200000e+01 2.142860e-08 1.197746e-09
6.300000e+01 2.000538e-08 1.104096e-09
6.400000e+01 1.874489e-08 1.039631e-09
6.500000e+01 1.766192e-08 9.894212e-10
6.600000e+01 1.662435e-08 9.066332e-10
6.700000e+01 1.561951e-08 8.609332e-10
6.800000e+01 1.471880e-08 7.789774e-10
6.900000e+01 1.387596e-08 7.448320e-10
7.000000e+01 1.309254e-08 7.093004e-10
7.100000e+01 1.234631e-08 6.600555e-10
7.200000e+01 1.167972e-08 6.327451e-10
7.300000e+01 1.101798e-08 5.544871e-10
7.400000e+01 1.042623e-08 5.371215e-10
7.500000e+01 9.893109e-09 5.003847e-10
7.600000e+01 9.391666e-09 4.757729e-10
7.700000e+01 8.899049e-09 4.400540e-10
7.800000e+01 8.465334e-09 4.152193e-10
7.900000e+01 8.042286e-09 4.049189e-10
8.000000e+01 7.631248e-09 3.903175e-10
8.100000e+01 7.249049e-09 3.608302e-10
8.200000e+01 6.908355e-09 3.484805e-10
8.300000e+01 6.566567e-09 3.096265e-10
8.400000e+01 6.261335e-09 3.071520e-10
8.500000e+01 5.993767e-09 2.910704e-10
8.600000e+01 5.723975e-09 2.878905e-10
8.700000e+01 5.466021e-09 2.593449e-10
8.800000e+01 5.222917e-09 2.488181e-10
8.900000e+01 4.992927e-09 2.425496e-10
9.000000e+01 4.781093e-09 2.297827e-10
9.100000e+01 4.582604e-09 2.068422e-10
9.200000e+01 4.395544e-09 2.055455e-10
9.300000e+01 4.211568e-09 1.995172e-10
9.400000e+01 4.036334e-09 1.866104e-10
9.500000e+01 3.885979e-09 1.765353e-10
9.600000e+01 3.724249e-09 1.779084e-10
9.700000e+01 3.588108e-09 1.652294e-10
9.800000e+01 3.454416e-09 1.568263e-10
9.900000e+01 3.329336e-09 1.473453e-10
1.000000e+02 3.205810e-09 1.392218e-10
1.010000e+02 3.098076e-09 1.437036e-10
1.020000e+02 2.977240e-09 1.330266e-10
1.030000e+02 2.887794e-09 1.296177e-10
1.040000e+02 2.781241e-09 1.155225e-10
1.050000e+02 2.692353e-09 1.181936e-10
1.060000e+02 2.610524e-09 1.177832e-10
1.070000e+02 2.525155e-09 1.092586e-10
1.080000e+02 2.455284e-09 1.074271e-10
1.090000e+02 2.371380e-09 9.992417e-11
1.100000e+02 2.309300e-09 9.474060e-11
1.110000e+02 2.253179e-09 9.539822e-11
1.120000e+02 2.176169e-09 9.060607e-11
1.130000e+02 2.130906e-09 8.911690e-11
1.140000e+02 2.059934e-09 8.813204e-11
1.150000e+02 2.020115e-09 8.610310e-11
1.160000e+02 1.972547e-09 8.529894e-11
1.170000e+02 1.919378e-09 7.973584e-11
1.180000e+02 1.892870e-09 8.012620e-11
1.190000e+02 1.841677e-09 7.583911e-11
1.200000e+02 1.812492e-09 7.547525e-11
1.210000e+02 1.771297e-09 7.202057e-11
1.220000e+02 1.741047e-09 6.962088e-11
1.230000e+02 1.717407e-09 7.267190e-11
1.240000e+02 1.678214e-09 6.503099e-11
1.250000e+02 1.663728e-09 6.749758e-11
1.260000e+02 1.624247e-09 6.394439e-11
1.270000e+02 1.610487e-09 6.407619e-11
1.280000e+02 1.599564e-09 6.713939e-11
1.290000e+02 1.514590e-09 6.629811e-11
1.300000e+02 1.462674e-09 6.607120e-11
1.310000e+02 1.411081e-09 6.724014e-11
1.320000e+02 1.372989e-09 6.549376e-11
1.330000e+02 1.327714e-09 6.688302e-11
1.340000e+02 1.294602e-09 6.679446e-11
1.350000e+02 1.266642e-09 6.956269e-11
1.360000e+02 1.223177e-09 6.645000e-11
1.370000e+02 1.207559e-09 6.713710e-11
1.380000e+02 1.171336e-09 6.315031e-11
1.390000e+02 1.145847e-09 6.702856e-11
1.400000e+02 1.125409e-09 6.463946e-11
1.410000e+02 1.085353e-09 6.226361e-11
1.420000e+02 1.079758e-09 6.587438e-11
1.430000e+02 1.046062e-09 6.375931e-11
1.440000e+02 1.030482e-09 6.627408e-11
1.450000e+02 1.010825e-09 6.246933e-11
1.460000e+02 9.856724e-10 6.396957e-11
1.470000e+02 9.756188e-10 6.270178e-11
1.480000e+02 9.472012e-10 6.480190e-11
1.490000e+02 9.381152e-10 6.827275e-11
1.500000e+02 9.204832e-10 6.676612e-11
1.510000e+02 9.051459e-10 6.678239e-11
1.520000e+02 8.964796e-10 6.720795e-11
1.530000e+02 8.742342e-10 6.257863e-11
1.540000e+02 8.623447e-10 6.720653e-11
1.550000e+02 8.533684e-10 6.686212e-11
1.560000e+02 8.441106e-10 6.893716e-11
1.570000e+02 8.283485e-10 6.920919e-11
1.580000e+02 8.184726e-10 6.415743e-11
1.590000e+02 8.098403e-10 7.334894e-11
1.600000e+02 7.975910e-10 6.913134e-11
1.610000e+02 7.943079e-10 7.716006e-11
1.620000e+02 7.811076e-10 7.354637e-11
1.630000e+02 7.782287e-10 7.460009e-11
1.640000e+02 7.750307e-10 8.599000e-11
1.650000e+02 7.595177e-10 7.296881e-11
1.660000e+02 7.568555e-10 8.608460e-11
1.670000e+02 7.487081e-10 7.343931e-11
1.680000e+02 7.497973e-10 8.894318e-11
1.690000e+02 7.381973e-10 1.014512e-10
1.700000e+02 7.385762e-10 8.098574e-11
1.710000e+02 7.262627e-10 1.077177e-10
1.720000e+02 7.297284e-10 8.705482e-11
1.730000e+02 7.217109e-10 1.202945e-10
1.740000e+02 7.159712e-10 1.047905e-10
1.750000e+02 7.122316e-10 1.157107e-10
1.760000e+02 7.090769e-10 1.492904e-10
1.770000e+02 7.125611e-10 1.185144e-10
1.780000e+02 7.093486e-10 1.889106e-10
1.790000e+02 7.059469e-10 1.598194e-10
1.800000e+02 7.092053e-10 2.995226e-10
1.810000e+02 6.964947e-10 3.828383e-10
