1.000000e+00 1.047561e-04 5.709988e-05
2.000000e+00 1.107390e-04 3.452198e-05
3.000000e+00 8.204953e-05 1.909140e-05
4.000000e+00 6.749059e-05 1.872603e-05
5.000000e+00 5.044518e-05 9.954435e-06
6.000000e+00 3.715136e-05 7.065482e-06
7.000000e+00 2.844934e-05 5.188717e-06
8.000000e+00 2.169415e-05 3.535111e-06
9.000000e+00 1.660936e-05 2.509760e-06
1.000000e+01 1.295340e-05 1.967380e-06
1.100000e+01 1.005046e-05 1.354646e-06
1.200000e+01 8.000829e-06 1.098944e-06
1.300000e+01 6.279992e-06 7.633051e-07
1.400000e+01 4.938783e-06 6.222986e-07
1.500000e+01 4.035716e-06 4.385661e-07
1.600000e+01 3.286246e-06 3.861853e-07
1.700000e+01 2.704249e-06 3.107788e-07
1.800000e+01 2.253859e-06 2.426258e-07
1.900000e+01 1.890036e-06 2.093304e-07
2.000000e+01 1.591849e-06 1.516749e-07
2.100000e+01 1.321177e-06 1.320181e-07
2.200000e+01 1.120985e-06 1.093261e-07
2.300000e+01 9.633979e-07 9.428048e-08
2.400000e+01 8.336758e-07 7.498535e-08
2.500000e+01 7.137922e-07 6.056860e-08
2.600000e+01 6.153297e-07 5.610920e-08
2.700000e+01 5.384850e-07 4.826073e-08
2.800000e+01 4.726915e-07 4.028739e-08
2.900000e+01 4.142028e-07 3.334369e-08
3.000000e+01 3.667536e-07 2.991959e-08
3.100000e+01 3.238673e-07 2.706226e-08
3.200000e+01 2.857489e-07 2.141991e-08
3.300000e+01 2.533134e-07 1.973046e-08
3.400000e+01 2.259625e-07 1.819901e-08
3.500000e+01 2.027768e-07 1.571122e-08
3.600000e+01 1.826098e-07 1.429510e-08
3.700000e+01 1.651634e-07 1.191923e-08
3.800000e+01 1.484484e-07 1.044534e-08
3.900000e+01 1.332443e-07 9.524580e-09
4.000000e+01 1.215085e-07 8.468883e-09
4.100000e+01 1.103676e-07 7.730005e-09
4.200000e+01 1.003519e-07 6.856817e-09
4.300000e+01 9.133806e-08 6.454988e-09
4.400000e+01 8.308509e-08 5.662068e-09
4.500000e+01 7.639095e-08 5.140235e-09
4.600000e+01 6.982323e-08 4.533405e-09
4.700000e+01 6.441567e-08 4.555599e-09
4.800000e+01 5.923376e-08 3.841524e-09
4.900000e+01 5.452459e-08 3.491028e-09
5.000000e+01 5.049172e-08 3.144981e-09
5.100000e+01 4.645244e-08 2.878877e-09
5.200000e+01 4.303223e-08 2.690958e-09
5.300000e+01 4.013081e-08 2.452122e-09
5.400000e+01 3.723886e-08 2.290490e-09
5.500000e+01 3.455307e-08 2.127284e-09
5.600000e+01 3.211716e-08 1.940034e-09
5.700000e+01 2.997356e-08 1.755507e-09
5.800000e+01 2.791606e-08 1.649057e-09
5.900000e+01 2.604188e-08 1.425284e-09
6.000000e+01 2.434772e-08 1.440498e-09
6.100000e+01 2.285783e-08 1.357758e-09
6.200000e+01 2.132094e-08 1.151041e-09
6.300000e+01 1.991875e-08 1.114206e-09
6.400000e+01 1.871709e-08 1.079516e-09
6.500000e+01 1.765614e-08 1.055407e-09
6.600000e+01 1.661646e-08 9.173399e-10
6.700000e+01 1.560092e-08 8.259158e-10
6.800000e+01 1.470728e-08 8.196454e-10
6.900000e+01 1.383825e-08 7.791115e-10
7.000000e+01 1.305191e-08 7.100733e-10
7.100000e+01 1.229455e-08 6.326882e-10
7.200000e+01 1.160940e-08 5.971596e-10
7.300000e+01 1.102262e-08 5.571767e-10
7.400000e+01 1.045816e-08 5.609192e-10
7.500000e+01 9.878906e-09 5.087062e-10
7.600000e+01 9.324264e-09 4.689805e-10
7.700000e+01 8.889861e-09 4.426722e-10
7.800000e+01 8.454499e-09 4.142235e-10
7.900000e+01 8.013605e-09 4.067262e-10
8.000000e+01 7.628106e-09 3.680149e-10
8.100000e+01 7.244168e-09 3.507711e-10
8.200000e+01 6.884433e-09 3.486977e-10
8.300000e+01 6.566008e-09 3.071984e-10
8.400000e+01 6.273283e-09 3.099456e-10
8.500000e+01 5.987010e-09 3.128036e-10
8.600000e+01 5.715619e-09 2.823422e-10
8.700000e+01 5.445846e-09 2.643642e-10
8.800000e+01 5.205971e-09 2.434199e-10
8.900000e+01 4.979862e-09 2.334653e-10
9.000000e+01 4.769354e-09 2.272486e-10
9.100000e+01 4.582562e-09 2.248477e-10
9.200000e+01 4.382428e-09 2.122749e-10
9.300000e+01 4.206638e-09 1.930327e-10
9.400000e+01 4.039395e-09 1.916889e-10
9.500000e+01 3.865472e-09 1.779838e-10
9.600000e+01 3.716828e-09 1.706722e-10
9.700000e+01 3.571037e-09 1.588782e-10
9.800000e+01 3.445120e-09 1.625314e-10
9.900000e+01 3.320842e-09 1.441090e-10
1.000000e+02 3.200877e-09 1.462027e-10
1.010000e+02 3.080719e-09 1.382997e-10
1.020000e+02 2.987383e-09 1.387008e-10
1.030000e+02 2.887785e-09 1.296113e-10
1.040000e+02 2.785165e-09 1.179486e-10
1.050000e+02 2.692136e-09 1.160028e-10
1.060000e+02 2.608060e-09 1.108973e-10
1.070000e+02 2.519933e-09 1.100342e-10
1.080000e+02 2.457083e-09 1.044951e-10
1.090000e+02 2.374288e-09 1.004779e-10
1.100000e+02 2.319229e-09 1.038330e-10
1.110000e+02 2.255208e-09 9.682280e-11
1.120000e+02 2.184326e-09 9.222836e-11
1.130000e+02 2.132297e-09 8.527109e-11
1.140000e+02 2.068918e-09 8.308796e-11
1.150000e+02 2.026765e-09 8.535809e-11
1.160000e+02 1.974647e-09 8.173001e-11
1.170000e+02 1.927570e-09 8.023632e-11
1.180000e+02 1.897960e-09 8.109282e-11
1.190000e+02 1.843299e-09 7.568496e-11
1.200000e+02 1.812340e-09 7.691608e-11
1.210000e+02 1.768836e-09 7.092721e-11
1.220000e+02 1.739856e-09 7.068477e-11
1.230000e+02 1.723150e-09 7.170626e-11
1.240000e+02 1.677909e-09 6.500377e-11
1.250000e+02 1.665853e-09 6.749066e-11
1.260000e+02 1.629483e-09 6.510209e-11
1.270000e+02 1.609137e-09 6.555063e-11
1.280000e+02 1.602118e-09 6.547881e-11
1.290000e+02 1.518872e-09 6.423514e-11
1.300000e+02 1.464026e-09 6.648163e-11
1.310000e+02 1.409015e-09 6.794763e-11
1.320000e+02 1.370823e-09 6.932058e-11
1.330000e+02 1.326692e-09 6.967705e-11
1.340000e+02 1.297362e-09 6.265945e-11
1.350000e+02 1.266158e-09 6.629211e-11
1.360000e+02 1.226861e-09 6.427445e-11
1.370000e+02 1.204360e-09 6.655614e-11
1.380000e+02 1.173936e-09 6.385285e-11
1.390000e+02 1.143504e-09 6.385601e-11
1.400000e+02 1.124301e-09 6.653415e-11
1.410000e+02 1.082929e-09 6.360824e-11
1.420000e+02 1.077537e-09 6.402809e-11
1.430000e+02 1.051041e-09 6.405856e-11
1.440000e+02 1.026095e-09 6.482954e-11
1.450000e+02 1.012681e-09 6.592363e-11
1.460000e+02 9.875823e-10 6.335378e-11
1.470000e+02 9.766340e-10 6.431512e-11
1.480000e+02 9.483331e-10 6.722800e-11
1.490000e+02 9.449018e-10 6.816947e-11
1.500000e+02 9.293391e-10 6.340009e-11
1.510000e+02 9.079299e-10 6.722286e-11
1.520000e+02 9.038295e-10 6.685683e-11
1.530000e+02 8.804636e-10 6.596412e-11
1.540000e+02 8.637721e-10 7.045667e-11
1.550000e+02 8.520220e-10 6.717879e-11
1.560000e+02 8.489962e-10 6.919205e-11
1.570000e+02 8.356963e-10 6.861937e-11
1.580000e+02 8.202991e-10 6.833875e-11
1.590000e+02 8.118438e-10 7.304401e-11
1.600000e+02 7.989845e-10 6.780894e-11
1.610000e+02 7.913174e-10 7.732587e-11
1.620000e+02 7.863365e-10 7.390179e-11
1.630000e+02 7.787204e-10 7.539366e-11
1.640000e+02 7.738973e-10 8.371141e-11
1.650000e+02 7.615792e-10 7.433967e-11
1.660000e+02 7.538409e-10 8.312157e-11
1.670000e+02 7.513475e-10 8.074452e-11
1.680000e+02 7.474598e-10 8.790569e-11
1.690000e+02 7.450912e-10 1.046302e-10
1.700000e+02 7.399888e-10 8.295354e-11
1.710000e+02 7.336479e-10 1.059375e-10
1.720000e+02 7.232757e-10 8.654688e-11
1.730000e+02 7.283083e-10 1.185740e-10
1.740000e+02 7.221463e-10 1.108841e-10
1.750000e+02 7.272349e-10 1.230480e-10
1.760000e+02 7.193059e-10 1.563396e-10
1.770000e+02 7.197999e-10 1.269761e-10
1.780000e+02 7.182588e-10 1.919743e-10
1.790000e+02 7.047045e-10 1.608762e-10
1.800000e+02 7.093703e-10 2.793487e-10
1.810000e+02 7.196891e-10 4.172071e-10
