1.000000e+00 3.614489e-03 1.376145e-03
2.000000e+00 6.481812e-04 1.568637e-04
3.000000e+00 3.871573e-04 5.789855e-05
4.000000e+00 2.324241e-04 4.454013e-05
5.000000e+00 1.698015e-04 2.683618e-05
6.000000e+00 8.538159e-05 1.569104e-05
7.000000e+00 5.547332e-05 7.156005e-06
8.000000e+00 3.290318e-05 4.443663e-06
9.000000e+00 2.389647e-05 4.318157e-06
1.000000e+01 1.736898e-05 2.392146e-06
1.100000e+01 1.291669e-05 1.847017e-06
1.200000e+01 9.744193e-06 1.313328e-06
1.300000e+01 7.429807e-06 8.650719e-07
1.400000e+01 5.869920e-06 6.812786e-07
1.500000e+01 4.631266e-06 5.215833e-07
1.600000e+01 3.757359e-06 4.406532e-07
1.700000e+01 3.013570e-06 3.553901e-07
1.800000e+01 2.482848e-06 2.511126e-07
1.900000e+01 2.079090e-06 2.190364e-07
2.000000e+01 1.718272e-06 1.675991e-07
2.100000e+01 1.430734e-06 1.286713e-07
2.200000e+01 1.207127e-06 1.235348e-07
2.300000e+01 1.032454e-06 1.024432e-07
2.400000e+01 8.833353e-07 8.643229e-08
2.500000e+01 7.523845e-07 6.262327e-08
2.600000e+01 6.473940e-07 5.717886e-08
2.700000e+01 5.661944e-07 4.831273e-08
2.800000e+01 4.913086e-07 3.812308e-08
2.900000e+01 4.321734e-07 3.715464e-08
3.000000e+01 3.809489e-07 3.146270e-08
3.100000e+01 3.355983e-07 2.781498e-08
3.200000e+01 2.961277e-07 2.392681e-08
3.300000e+01 2.619355e-07 2.104283e-08
3.400000e+01 2.344302e-07 1.926965e-08
3.500000e+01 2.123632e-07 1.664685e-08
3.600000e+01 1.907360e-07 1.494184e-08
3.700000e+01 1.712063e-07 1.257156e-08
3.800000e+01 1.531449e-07 1.140283e-08
3.900000e+01 1.374545e-07 9.655980e-09
4.000000e+01 1.259037e-07 8.903981e-09
4.100000e+01 1.147812e-07 8.597929e-09
4.200000e+01 1.041718e-07 7.347117e-09
4.300000e+01 9.544644e-08 6.460904e-09
4.400000e+01 8.645433e-08 5.859391e-09
4.500000e+01 7.883932e-08 5.478713e-09
4.600000e+01 7.242455e-08 4.574991e-09
4.700000e+01 6.648709e-08 4.527371e-09
4.800000e+01 6.112004e-08 3.900512e-09
4.900000e+01 5.647872e-08 3.492900e-09
5.000000e+01 5.206902e-08 3.272504e-09
5.100000e+01 4.816764e-08 2.923441e-09
5.200000e+01 4.477554e-08 2.958658e-09
5.300000e+01 4.136250e-08 2.439958e-09
5.400000e+01 3.837749e-08 2.077142e-09
5.500000e+01 3.561199e-08 2.035122e-09
5.600000e+01 3.317938e-08 1.917451e-09
5.700000e+01 3.081965e-08 1.783882e-09
5.800000e+01 2.866016e-08 1.595573e-09
5.900000e+01 2.687208e-08 1.491661e-09
6.000000e+01 2.507953e-08 1.568175e-09
6.100000e+01 2.354090e-08 1.396222e-09
6.200000e+01 2.202844e-08 1.210308e-09
6.300000e+01 2.055149e-08 1.116848e-09
6.400000e+01 1.931837e-08 1.152573e-09
6.500000e+01 1.816938e-08 1.017301e-09
6.600000e+01 1.713392e-08 9.139485e-10
6.700000e+01 1.606295e-08 9.237898e-10
6.800000e+01 1.519005e-08 8.160999e-10
6.900000e+01 1.430884e-08 7.463332e-10
7.000000e+01 1.354743e-08 7.729774e-10
7.100000e+01 1.275155e-08 6.462569e-10
7.200000e+01 1.202796e-08 6.527798e-10
7.300000e+01 1.139470e-08 6.129550e-10
7.400000e+01 1.076246e-08 5.852562e-10
7.500000e+01 1.025316e-08 5.351065e-10
7.600000e+01 9.674019e-09 4.881692e-10
7.700000e+01 9.168994e-09 4.734350e-10
7.800000e+01 8.720442e-09 4.380056e-10
7.900000e+01 8.283125e-09 4.133891e-10
8.000000e+01 7.878346e-09 4.010417e-10
8.100000e+01 7.474214e-09 3.728389e-10
8.200000e+01 7.097535e-09 3.711198e-10
8.300000e+01 6.811662e-09 3.418168e-10
8.400000e+01 6.472704e-09 3.245481e-10
8.500000e+01 6.183723e-09 2.818549e-10
8.600000e+01 5.924151e-09 2.807774e-10
8.700000e+01 5.676468e-09 2.684913e-10
8.800000e+01 5.403397e-09 2.571999e-10
8.900000e+01 5.170334e-09 2.509979e-10
9.000000e+01 4.950681e-09 2.436303e-10
9.100000e+01 4.746166e-09 2.246367e-10
9.200000e+01 4.542430e-09 2.108086e-10
9.300000e+01 4.353102e-09 2.082304e-10
9.400000e+01 4.175151e-09 2.063589e-10
9.500000e+01 4.015079e-09 1.860601e-10
9.600000e+01 3.850636e-09 1.811759e-10
9.700000e+01 3.708043e-09 1.647744e-10
9.800000e+01 3.574044e-09 1.526400e-10
9.900000e+01 3.443002e-09 1.577002e-10
1.000000e+02 3.317501e-09 1.435393e-10
1.010000e+02 3.212994e-09 1.470013e-10
1.020000e+02 3.084923e-09 1.392164e-10
1.030000e+02 2.994925e-09 1.257029e-10
1.040000e+02 2.880490e-09 1.273718e-10
1.050000e+02 2.788677e-09 1.177342e-10
1.060000e+02 2.708695e-09 1.176955e-10
1.070000e+02 2.627245e-09 1.086235e-10
1.080000e+02 2.550481e-09 1.120024e-10
1.090000e+02 2.471389e-09 1.037511e-10
1.100000e+02 2.397554e-09 1.006618e-10
1.110000e+02 2.327213e-09 9.983870e-11
1.120000e+02 2.266074e-09 9.520910e-11
1.130000e+02 2.212237e-09 9.326733e-11
1.140000e+02 2.140447e-09 8.593653e-11
1.150000e+02 2.102240e-09 9.077783e-11
1.160000e+02 2.046075e-09 8.788272e-11
1.170000e+02 1.999275e-09 8.268650e-11
1.180000e+02 1.967819e-09 8.308004e-11
1.190000e+02 1.909260e-09 7.095661e-11
1.200000e+02 1.888425e-09 8.172290e-11
1.210000e+02 1.836919e-09 7.003538e-11
1.220000e+02 1.808029e-09 7.334392e-11
1.230000e+02 1.788990e-09 7.803764e-11
1.240000e+02 1.744479e-09 6.779812e-11
1.250000e+02 1.727168e-09 7.332517e-11
1.260000e+02 1.690933e-09 6.590129e-11
1.270000e+02 1.676910e-09 6.638114e-11
1.280000e+02 1.662220e-09 7.115299e-11
1.290000e+02 1.573748e-09 7.047309e-11
1.300000e+02 1.515574e-09 6.869043e-11
1.310000e+02 1.469739e-09 6.688817e-11
1.320000e+02 1.422398e-09 7.124466e-11
1.330000e+02 1.380665e-09 6.433893e-11
1.340000e+02 1.348362e-09 6.453983e-11
1.350000e+02 1.314201e-09 6.552384e-11
1.360000e+02 1.266674e-09 6.384191e-11
1.370000e+02 1.254115e-09 7.008171e-11
1.380000e+02 1.223993e-09 6.797932e-11
1.390000e+02 1.196587e-09 6.382624e-11
1.400000e+02 1.174447e-09 7.083403e-11
1.410000e+02 1.128719e-09 6.637406e-11
1.420000e+02 1.126281e-09 6.783863e-11
1.430000e+02 1.083115e-09 6.604647e-11
1.440000e+02 1.065830e-09 6.987277e-11
1.450000e+02 1.048589e-09 6.596910e-11
1.460000e+02 1.020636e-09 6.833200e-11
1.470000e+02 1.017353e-09 6.559694e-11
1.480000e+02 9.940856e-10 6.390172e-11
1.490000e+02 9.783333e-10 6.877814e-11
1.500000e+02 9.623657e-10 6.865295e-11
1.510000e+02 9.443269e-10 7.097357e-11
1.520000e+02 9.340116e-10 7.136221e-11
1.530000e+02 9.164618e-10 6.585317e-11
1.540000e+02 9.036480e-10 7.120298e-11
1.550000e+02 8.892509e-10 6.983626e-11
1.560000e+02 8.730518e-10 6.831131e-11
1.570000e+02 8.672697e-10 7.558489e-11
1.580000e+02 8.488809e-10 7.184744e-11
1.590000e+02 8.466848e-10 7.541464e-11
1.600000e+02 8.324306e-10 6.890513e-11
1.610000e+02 8.257118e-10 7.669914e-11
1.620000e+02 8.153092e-10 7.572812e-11
1.630000e+02 8.096310e-10 7.886325e-11
1.640000e+02 8.011737e-10 8.218539e-11
1.650000e+02 7.899339e-10 7.279779e-11
1.660000e+02 7.908652e-10 8.771031e-11
1.670000e+02 7.755078e-10 8.032022e-11
1.680000e+02 7.737198e-10 8.994447e-11
1.690000e+02 7.685252e-10 1.006312e-10
1.700000e+02 7.702712e-10 8.980790e-11
1.710000e+02 7.565023e-10 1.113413e-10
1.720000e+02 7.537525e-10 9.231034e-11
1.730000e+02 7.581618e-10 1.226669e-10
1.740000e+02 7.474548e-10 1.135634e-10
1.750000e+02 7.568727e-10 1.159241e-10
1.760000e+02 7.493381e-10 1.624287e-10
1.770000e+02 7.441966e-10 1.242108e-10
1.780000e+02 7.279175e-10 1.859252e-10
1.790000e+02 7.369352e-10 1.763731e-10
1.800000e+02 7.571916e-10 3.146948e-10
1.810000e+02 7.479655e-10 4.195433e-10
